   5.2000000e+01   8.9193591e-04
   6.2000000e+01   7.3802503e-04
   1.3900000e+02   1.9827859e-04
   8.4000000e+01   4.3956203e-04
   3.0560000e+03   2.8386724e-05
   2.0300000e+02   2.1937979e-04
   1.6710000e+03   3.0117056e-05
   9.5000000e+01   5.0361230e-04
   9.4000000e+01   5.8061078e-04
   1.5100000e+02   3.7730449e-04
   4.1890000e+03   1.2827113e-05
   1.9800000e+02   1.9069505e-04
   1.3000000e+02   4.5362294e-04
   1.0500000e+02   3.4427134e-04
   7.3200000e+02   5.3191689e-05
   3.3000000e+02   1.1081218e-04
   2.6220000e+03   2.0088675e-05
   1.9400000e+02   2.5322693e-04
   4.1900000e+02   1.4443272e-04
   1.0250000e+03   2.1446208e-05
   7.2700000e+02   1.0850460e-04
   8.6000000e+01   8.7551067e-04
   8.8000000e+01   4.7295977e-04
   1.9900000e+02   2.7057944e-04
   2.2700000e+02   1.8988635e-04
   2.0200000e+02   1.5661707e-04
   8.9000000e+01   5.1152943e-04
   1.0000000e+02   4.8862306e-04
   6.1000000e+01   4.1128105e-04
   1.7100000e+02   2.2650772e-04
   8.8300000e+02   6.1708907e-05
   5.3260000e+03   1.2392005e-05
   1.8100000e+02   1.3018605e-04
   3.1700000e+03   9.4484409e-06
   1.5900000e+02   2.7361075e-04
   5.2600000e+02   8.8718565e-05
   5.2000000e+01   9.1598042e-04
   4.8620000e+03   8.6259770e-06
   5.6200000e+02   8.7748520e-05
   1.0190000e+03   4.3802207e-05
   3.4930000e+03   1.3067433e-05
   3.4000000e+02   1.5935187e-04
   8.2600000e+02   7.3639102e-05
   6.4770000e+03   6.2830402e-06
   8.7000000e+01   4.8681565e-04
   1.0000000e+02   5.2420659e-04
   6.1900000e+02   8.0035466e-05
   4.7300000e+02   6.1179508e-05
   7.9300000e+02   4.0097140e-05
   2.2400000e+02   2.1676668e-04
   1.9500000e+02   1.9579754e-04
   6.1300000e+02   9.3107863e-05
   4.6840000e+03   1.4309168e-05
   1.1300000e+02   3.7915614e-04
   3.8950000e+03   2.0995533e-05
   3.2100000e+02   2.0215271e-04
   2.8600000e+02   9.4730672e-05
   1.6410000e+03   2.7146913e-05
   1.4500000e+02   4.0523678e-04
   4.9680000e+03   9.7702718e-06
   3.4000000e+02   1.6439729e-04
   1.6500000e+03   2.3354422e-05
   9.9900000e+02   3.9285874e-05
   8.5000000e+01   4.2885237e-04
   1.7320000e+03   3.9103904e-05
   5.3000000e+01   4.9790664e-04
   4.8300000e+02   7.7142140e-05
   8.4000000e+01   6.1930428e-04
   5.5000000e+01   4.9164803e-04
   5.3700000e+02   7.9431832e-05
   6.0700000e+02   6.2494229e-05
   3.1200000e+02   1.3873486e-04
   1.8380000e+03   5.0528174e-05
   4.3200000e+02   6.7412427e-05
   2.4100000e+02   1.5584781e-04
   5.4000000e+01   5.1674478e-04
   1.7350000e+03   4.7335257e-05
   7.9700000e+02   4.6245865e-05
   1.7870000e+03   2.6323395e-05
   1.1840000e+03   2.8313028e-05
   6.1900000e+02   6.3389722e-05
   7.2100000e+02   6.1205035e-05
   9.3000000e+01   3.4778329e-04
   2.6600000e+02   1.2131342e-04
   1.1200000e+02   2.6451492e-04
   7.0600000e+02   4.8835065e-05
   3.2000000e+02   9.6382357e-05
   5.3000000e+01   7.3231645e-04
   1.2500000e+02   2.8993812e-04
   8.4300000e+02   6.1709044e-05
   8.0000000e+01   7.5764523e-04
   2.9800000e+02   8.6675016e-05
   1.4300000e+02   3.5820465e-04
   5.8700000e+02   7.7888975e-05
   8.9000000e+01   2.6917432e-04
   6.9300000e+02   6.9369911e-05
   5.7000000e+01   7.4046847e-04
   5.3000000e+01   5.1603266e-04
   4.8300000e+02   1.3754334e-04
   2.0670000e+03   1.9034230e-05
   1.6900000e+02   2.2165852e-04
   1.5500000e+02   1.7444714e-04
   3.1200000e+02   2.0517520e-04
   7.3000000e+01   4.0601378e-04
   3.7900000e+02   1.9062214e-04
   1.5100000e+02   1.6829903e-04
   1.1180000e+03   4.4663177e-05
   4.2421000e+04   2.8131896e-06
   2.1600000e+03   1.4908095e-05
   2.7330000e+04   1.9075124e-06
   2.4900000e+02   1.8297117e-04
   5.7000000e+01   5.8023448e-04
   6.6000000e+01   5.7574775e-04
   7.0000000e+01   7.6458486e-04
   3.6420000e+03   1.0375302e-05
   1.0200000e+03   4.6838401e-05
   3.2750000e+03   1.9032814e-05
   1.0730000e+03   1.1341251e-04
   1.0530000e+03   4.1850128e-05
   8.2000000e+01   3.3547812e-04
   1.0200000e+02   5.4881604e-04
   6.1800000e+02   6.5519164e-05
   2.2560000e+03   1.9316395e-05
   3.3600000e+02   1.4112285e-04
   6.7000000e+01   5.2418904e-04
   7.4600000e+02   1.2185049e-04
   2.4850000e+03   2.6247134e-05
   7.4000000e+01   5.7122272e-04
   9.1000000e+01   6.2716915e-04
   1.4600000e+02   3.2891981e-04
   1.8400000e+02   4.9587896e-04
   1.5800000e+02   1.5756940e-04
   4.6500000e+02   9.7496672e-05
   8.0000000e+01   5.1394209e-04
   7.4000000e+01   3.7156036e-04
   2.7400000e+02   2.3525496e-04
   1.0460000e+03   6.3275228e-05
   1.2300000e+03   5.8953185e-05
   2.1700000e+02   1.9501976e-04
   2.4300000e+02   2.2913852e-04
   1.4130000e+03   5.3148112e-05
   2.0800000e+02   1.8684957e-04
   1.9700000e+02   2.8039845e-04
   5.9000000e+01   5.2644564e-04
   7.9000000e+01   3.1300569e-04
   2.2900000e+02   1.5222874e-04
   1.0040000e+03   6.1420749e-05
   7.7000000e+01   3.8775333e-04
   1.7000000e+02   3.9700291e-04
   3.0900000e+02   1.0945638e-04
   1.1600000e+03   4.4393215e-05
   1.3400000e+02   3.2963566e-04
   4.9700000e+02   7.1208590e-05
   1.4200000e+02   2.9187522e-04
   3.2800000e+02   9.2725270e-05
   4.9440000e+03   9.4549578e-06
   4.8560000e+03   1.2710384e-05
   4.5740000e+03   1.1326766e-05
   8.2900000e+02   3.7434250e-05
   1.9900000e+02   2.5216662e-04
   4.6794000e+04   5.6956227e-06
   2.8800000e+02   7.6816329e-05
   1.0059000e+04   8.6756844e-06
   1.0410000e+03   4.8965643e-05
   9.6400000e+02   4.0496380e-05
   1.1500000e+02   3.6439752e-04
   1.3100000e+02   2.5377085e-04
   1.7600000e+02   4.1904332e-04
   5.5200000e+02   1.0608907e-04
   2.4300000e+02   2.5037314e-04
   8.5600000e+02   6.5526279e-05
   2.7700000e+02   1.3679828e-04
   7.0000000e+01   2.9620857e-04
   8.4000000e+01   6.6377342e-04
   8.2200000e+02   6.2645142e-05
   7.9700000e+02   2.9626844e-05
   8.4860000e+03   7.0941867e-06
   7.9400000e+02   9.1561927e-05
   1.7210000e+03   3.0761966e-05
   6.4850000e+03   1.2547115e-05
   4.4000000e+02   8.6838331e-05
   3.5600000e+03   2.3121820e-05
   5.0930000e+03   7.3751139e-06
   7.2660000e+03   8.6448510e-06
   4.6000000e+03   1.3720140e-05
   3.5100000e+02   2.5361078e-04
   5.1400000e+02   7.4666613e-05
   1.0800000e+02   3.3498268e-04
   3.1800000e+02   7.4562575e-05
   2.2900000e+02   2.4602916e-04
   4.6400000e+02   9.8154087e-05
   3.1400000e+02   1.5503188e-04
   6.1000000e+01   3.3440183e-04
   1.1100000e+02   2.7146038e-04
   3.0000000e+02   1.5710928e-04
   3.2100000e+02   1.2029046e-04
   1.4100000e+02   3.6242917e-04
   8.2000000e+01   8.5600190e-04
   9.8000000e+01   9.0438234e-04
   1.1000000e+02   6.1207896e-04
   3.1300000e+02   1.2495910e-04
   1.2516000e+04   3.7411528e-06
   6.8400000e+02   2.0931121e-04
   1.2100000e+02   4.0062555e-04
   8.1700000e+02   6.1230395e-05
   2.0400000e+02   2.2497880e-04
   1.1400000e+03   4.4080846e-05
   2.5580000e+03   1.9123710e-05
   1.6043000e+04   3.1618833e-06
   1.3600000e+03   3.0255279e-05
   2.6100000e+02   1.0737180e-04
   7.0000000e+01   6.4537832e-04
   8.7000000e+01   4.5942628e-04
   1.1100000e+02   4.8293052e-04
   2.7900000e+02   1.5230311e-04
   1.4700000e+02   2.8866706e-04
   7.3000000e+02   7.8252372e-05
   2.1820000e+03   2.4170439e-05
   1.0300000e+02   3.3378658e-04
   2.0700000e+02   2.7079517e-04
   2.7900000e+02   8.7896294e-05
   6.1000000e+01   2.6490869e-04
   8.2000000e+01   4.3222317e-04
   4.0900000e+02   7.9741499e-05
   2.3930000e+03   3.9998808e-05
   2.0600000e+02   4.5307484e-04
   2.2300000e+02   1.9170523e-04
   1.5350000e+03   2.9168553e-05
   4.6300000e+02   4.2565539e-05
   5.0600000e+02   7.3212415e-05
   9.6300000e+02   5.2418589e-05
   5.1000000e+02   1.0570790e-04
   2.7200000e+02   1.6628196e-04
   2.1500000e+02   1.2767904e-04
   3.1000000e+02   1.0981314e-04
   1.7200000e+02   3.1471761e-04
   1.2400000e+02   2.5698478e-04
   1.6000000e+02   3.2988609e-04
   2.2000000e+02   2.0999333e-04
   8.4000000e+01   3.8409336e-04
   6.2000000e+01   4.9010542e-04
   1.6590000e+03   1.6689843e-05
   1.4280000e+03   4.0587722e-05
   5.2600000e+02   5.0668744e-05
   8.7000000e+01   4.5968821e-04
   5.8000000e+01   3.1815608e-04
   9.9300000e+02   3.8575342e-05
   1.0570000e+03   2.8605265e-05
   9.0000000e+01   3.2422937e-04
   1.2860000e+04   9.4873768e-06
   5.6000000e+01   5.8011644e-04
   3.3870000e+03   1.9738536e-05
   1.2486000e+04   4.3311593e-06
   3.3600000e+02   1.0135870e-04
   1.1370000e+03   3.0461354e-05
   7.5600000e+02   4.5695986e-05
   6.2300000e+02   5.0784563e-05
   3.0300000e+02   1.2028391e-04
   4.0100000e+02   7.4426832e-05
   1.5510000e+03   2.7345611e-05
   1.0200000e+02   2.7546923e-04
   6.0000000e+01   5.4525490e-04
   3.1810000e+03   1.2699257e-05
   1.7200000e+02   1.8032921e-04
   1.2600000e+02   4.2664240e-04
   6.4500000e+02   3.9525830e-05
   7.9000000e+01   4.0773736e-04
   1.6700000e+02   2.5417184e-04
   8.8000000e+01   4.0760256e-04
   1.2280000e+03   5.3759111e-05
   7.9000000e+01   4.4291940e-04
   9.9000000e+01   2.9055491e-04
   2.2300000e+02   1.7588258e-04
   7.5000000e+01   5.6558234e-04
   6.5000000e+01   6.1332841e-04
   6.4400000e+02   1.1154218e-04
   7.9000000e+01   5.6477869e-04
   1.9700000e+02   2.2299354e-04
   3.1800000e+02   1.5518898e-04
   2.2300000e+02   2.3797561e-04
   4.7000000e+02   1.0900660e-04
   5.1000000e+01   6.3144974e-04
   1.2700000e+02   3.9050583e-04
   6.1000000e+01   7.8195761e-04
   9.5000000e+01   3.0338010e-04
   2.7900000e+02   1.6171092e-04
   1.0000000e+02   5.4128992e-04
   1.2000000e+02   3.3105795e-04
   7.3000000e+01   6.6658518e-04
   1.4500000e+02   5.1498902e-04
   2.7300000e+02   1.9147508e-04
   1.9900000e+02   2.3422457e-04
   1.3800000e+02   1.8096325e-04
   1.4880000e+03   2.7728322e-05
   7.6380000e+03   7.2022902e-06
   1.7200000e+03   2.7592120e-05
   2.3100000e+02   1.8507179e-04
   1.5500000e+02   2.8665779e-04
   1.5890000e+03   3.0000527e-05
   6.2900000e+02   1.0416736e-04
   6.8000000e+01   5.2896646e-04
   5.1000000e+01   8.2891360e-04
   1.5000000e+02   2.3269872e-04
   1.0500000e+02   4.3463385e-04
   1.5400000e+02   1.5931184e-04
   1.9000000e+02   2.6192593e-04
   2.0000000e+02   1.6818580e-04
   9.6000000e+01   4.4496559e-04
   1.6000000e+02   2.5007669e-04
   1.9500000e+02   2.0429688e-04
   8.1000000e+01   3.3079211e-04
   5.2000000e+01   7.5895311e-04
   1.1770000e+03   4.6533666e-05
   2.0600000e+02   2.7664370e-04
   1.0590000e+03   5.9708283e-05
   3.9490000e+03   2.6289235e-05
   8.1500000e+02   5.8357435e-05
   8.6300000e+02   8.6441754e-05
   1.0300000e+02   3.2004922e-04
   1.3800000e+02   3.0913722e-04
   2.0400000e+02   3.3398907e-04
   4.7900000e+02   1.7094268e-04
   1.8800000e+02   1.8493049e-04
   2.5750000e+03   1.4967043e-05
   3.7600000e+02   1.7341661e-04
   7.0000000e+01   5.7782166e-04
   1.2800000e+02   3.6290225e-04
   3.4900000e+02   1.3599175e-04
   6.3000000e+01   5.4354714e-04
   9.0000000e+01   3.7381620e-04
   1.1100000e+02   3.6550500e-04
   1.9600000e+02   2.3759059e-04
   2.3700000e+02   2.3811652e-04
   7.6000000e+01   3.6698214e-04
   5.7000000e+01   5.8972622e-04
   4.4500000e+02   9.6794766e-05
   1.8100000e+02   3.3800696e-04
   1.4000000e+02   4.5435155e-04
   2.2300000e+02   3.1358231e-04
   5.1300000e+02   7.7767759e-05
   1.0900000e+02   5.4816682e-04
   1.1400000e+02   4.6844170e-04
   2.8180000e+03   3.5781653e-05
   4.0100000e+02   1.5015282e-04
   9.0000000e+01   8.2461546e-04
   5.4000000e+01   4.7418151e-04
   5.5000000e+01   8.4488073e-04
   2.1900000e+02   1.5620655e-04
   9.1000000e+01   4.5653918e-04
   8.6000000e+01   4.4366963e-04
   1.2000000e+02   3.3359689e-04
   1.1600000e+02   3.3042805e-04
   1.5200000e+02   1.7230052e-04
   1.5500000e+02   3.4862518e-04
   3.6500000e+02   6.3455812e-05
   5.3000000e+01   7.4147662e-04
   9.5600000e+02   7.8950900e-05
   2.8700000e+02   2.1345667e-04
   7.2000000e+01   5.2754084e-04
   2.3300000e+02   2.4963527e-04
   1.7100000e+02   3.9991059e-04
   2.0300000e+02   3.2309501e-04
   3.4950000e+03   2.1129223e-05
   7.6000000e+01   3.4602545e-04
   2.0800000e+02   2.8869303e-04
   1.0200000e+02   6.5035948e-04
   1.5930000e+03   5.1003623e-05
   3.2300000e+02   1.5581861e-03
   6.7000000e+01   6.0909160e-04
   8.8300000e+02   6.6842290e-05
   1.9670000e+03   4.5454524e-05
   3.1500000e+02   3.6654089e-04
   1.1400000e+02   4.3481106e-04
   8.9000000e+01   7.7802419e-04
   3.9560000e+03   1.6851157e-04
   6.8000000e+01   1.0171996e-03
   5.1000000e+01   5.5694273e-04
   9.6000000e+01   7.9484210e-04
   6.6000000e+01   1.2568214e-03
   1.4500000e+02   2.8838946e-04
   2.8500000e+02   2.2615928e-04
   9.0000000e+01   6.3800070e-04
   7.9000000e+01   6.4996794e-04
   6.1600000e+02   2.6067318e-04
   1.9380000e+03   8.6513366e-05
   1.5700000e+02   2.5905462e-04
   6.2000000e+01   5.6939039e-04
   5.2000000e+01   4.1936382e-03
   1.2100000e+02   4.7885049e-04
   2.5450000e+03   1.3788938e-04
   4.0610000e+03   1.2776225e-04
   5.7000000e+01   5.7310860e-03
   1.4500000e+02   1.8015797e-04
   2.0000000e+02   2.7560308e-04
   4.2900000e+02   1.9521234e-04
   4.1100000e+02   1.1038281e-04
   6.6300000e+02   3.4180789e-05
   2.0700000e+02   6.3090394e-04
   8.6000000e+01   9.5387614e-04
   4.5900000e+02   2.3581989e-04
   6.3000000e+01   8.1033074e-04
   4.6900000e+02   1.3346910e-03
   1.4300000e+02   7.3903664e-04
   3.0300000e+02   9.2346644e-04
   1.2830000e+03   8.0081162e-04
   3.5500000e+02   2.1352380e-04
   6.0600000e+02   4.5207176e-05
   2.5000000e+02   1.3954289e-04
   7.9000000e+01   4.8061709e-04
   6.2000000e+02   1.8019428e-04
   7.7000000e+01   1.6056369e-03
   4.5600000e+02   5.8479013e-04
   5.4000000e+02   5.5951072e-05
   8.6000000e+01   1.1771244e-03
   9.7000000e+01   5.1269730e-03
   5.5000000e+01   7.3165673e-04
   1.0700000e+02   4.6694811e-04
   3.7000000e+02   1.6099251e-04
   1.8000000e+02   2.5736130e-04
   1.1700000e+02   5.3676470e-04
   2.3400000e+02   2.4165575e-04
   8.1880000e+03   1.8572813e-05
   1.5600000e+02   4.2256619e-04
   1.1500000e+02   3.6969946e-04
   3.0280000e+03   6.2257953e-05
   5.0200000e+02   1.1617045e-04
   7.0000000e+02   1.5297926e-04
   6.4000000e+01   1.0521593e-03
   1.0100000e+02   8.4540117e-04
   7.2280000e+03   1.9772217e-04
   5.1000000e+01   2.2898947e-03
   1.5750000e+03   3.7307104e-04
   1.2600000e+02   7.0904825e-04
   1.1900000e+02   4.8510496e-04
   1.1500000e+03   8.8319199e-05
   7.6000000e+01   4.9821897e-04
   3.5000000e+02   1.1148912e-04
   1.6500000e+02   8.1546990e-04
   4.2700000e+02   3.0384877e-04
   5.1000000e+01   1.0976173e-03
   1.1800000e+02   4.8080589e-04
   8.9000000e+01   3.7947669e-04
   5.5000000e+01   6.8536819e-04
   7.4900000e+02   6.0576192e-05
   1.0700000e+02   3.1905479e-04
   1.7100000e+02   2.0030025e-04
   3.5700000e+02   1.0227805e-04
